FreePresentation(
(100, 100),
np.array([
[97, 75],
[41, 90],
[20, 81],
[23, 23],
[72, 89],
[56, 15],
[83,  3],
[83, 97],
[ 3, 39]]), np.array([
[ 98,  28],
[ 15,  70],
[  3,  89],
[ 45,  49],
[ 80,  31],
[100, 100],
[100, 100],
[100, 100],
[100, 100],
[100, 100],
[100, 100],
[100, 100],
[100, 100],
[100, 100]]), np.array([
[0, 0, 0, 0, 0, 1, 0, 0, 0, 0, 0, 0, 0, 0],
[0, 0, 0, 0, 0, 0, 1, 0, 0, 0, 0, 0, 0, 0],
[0, 0, 0, 0, 0, 0, 0, 1, 0, 0, 0, 0, 0, 0],
[0, 0, 0, 1, 0, 0, 0, 0, 1, 0, 0, 0, 0, 0],
[0, 0, 0, 0, 0, 0, 0, 0, 0, 1, 0, 0, 0, 0],
[1, 0, 0, 0, 1, 0, 0, 0, 0, 0, 1, 0, 0, 0],
[1, 0, 0, 0, 0, 0, 0, 0, 0, 0, 0, 1, 0, 0],
[0, 0, 0, 0, 0, 0, 0, 0, 0, 0, 0, 0, 1, 0],
[0, 1, 1, 1, 0, 0, 0, 0, 0, 0, 0, 0, 0, 1]])
)